16
khk
12345678
Ljkhj
23 3 2023
5.00
12
18657894
Le Minh
16 7 1995
8.50
12
45789415
Nguyen Minh
12 12 2001
7.80
12
45796321
Tran Minh
15 7 1996
8.60
12
45871248
Nguyen Manh
12 7 1997
9.50
12
49846564
Mai Hoang
16 7 1998
6.20
12
51234875
Nguyen Sinh
15 4 1996
8.20
12
64146445
Tran Hoang
14 5 1997
6.50
12
78541292
Tran Manh
16 7 1994
8.10
12
78564874
Dang Minh
16 7 1994
6.10
12
78945482
Dang Quang
12 4 1995
6.40
12
87654189
Nguyen Duc
14 7 1998
8.50
12
87946556
Mai Tung
16 5 1992
7.20
12
95124756
Nguyen Phong
15 9 1998
7.50
12
98235614
Le Dung
16 5 1995
6.20
12
98465114
Mai Binh
16 7 1996
6.80
